Driver,DateStart,HourStart,HourEnd,Duration,Distance,Status,Profession,Vehicle,PlaceStart,PlaceEnd,LatitudeStart,LongitudeStart,LatitudeEnd,LongitudeEnd,MilometerStart,MilometerEnd
driver66,lun 2/01/17,05:02,05:06,0h 04m,0.06855660894144684,Otro trabajo,1,SB30CNRMD2026Q01416,"A9/E15/E80 La Languedocienne, 34290, Béziers, FR, 51,4 km sudoeste Montpellier","A9/E15/E80 La Languedocienne, 34290, Béziers, FR, 51,5 km sudoeste Montpellier",43.359758,-3.342415,43.359758,-3.341567,"352,909","352,910"
driver66,lun 2/01/17,05:06,07:04,1h 58m,30.936469159580287,Conduciendo,1,SB30CNRMD2026Q01416,"A9/E15/E80 La Languedocienne, 34290, Béziers, FR, 51,5 km sudoeste Montpellier","17469, ES, 29,7 km norte Girona",43.358642,-3.341567,43.358642,-2.95891,"352,910","353,070"
driver66,lun 2/01/17,07:04,07:06,0h 02m,0.009633230384123354,Otro trabajo,1,SB30CNRMD2026Q01416,"17469, ES, 29,7 km norte Girona","17469, ES, 29,7 km norte Girona",42.229456,-2.95891,42.229456,-2.959027,"353,070","353,070"
driver66,lun 2/01/17,07:06,07:08,0h 02m,0.1360184152128109,Conduciendo,1,SB30CNRMD2026Q01416,"17469, ES, 29,7 km norte Girona","17469, ES, 29,7 km norte Girona",42.229226,-2.959027,42.229226,-2.960679,"353,070","353,070"
driver66,lun 2/01/17,07:08,07:11,0h 03m,0.2018072086195695,Otro trabajo,1,SB30CNRMD2026Q01416,"17469, ES, 29,7 km norte Girona","17469, ES, 29,8 km norte Girona",42.228398,-2.960679,42.228398,-2.96313,"353,070","353,070"
driver66,lun 2/01/17,07:11,07:14,0h 03m,0.08505284438704083,Conduciendo,1,SB30CNRMD2026Q01416,"17469, ES, 29,8 km norte Girona","17469, ES, 30,2 km norte Girona",42.229102,-2.96313,42.229102,-2.962097,"353,070","353,071"
driver66,lun 2/01/17,07:14,07:18,0h 04m,0.009550378658611787,Pausa,1,SB30CNRMD2026Q01416,"17469, ES, 30,2 km norte Girona","17469, ES, 30,2 km norte Girona",42.232869,-2.962097,42.232869,-2.961981,"353,071","353,071"
driver66,lun 2/01/17,07:18,07:24,0h 06m,0.2180939737679957,Conduciendo,1,SB30CNRMD2026Q01416,"17469, ES, 30,2 km norte Girona","17469, ES, 30,4 km norte Girona",42.232999,-2.961981,42.232999,-2.96463,"353,071","353,073"
driver66,lun 2/01/17,07:24,07:26,0h 02m,0.1734657121699035,Otro trabajo,1,SB30CNRMD2026Q01416,"17469, ES, 30,4 km norte Girona","17469, ES, 30,2 km norte Girona",42.23483,-2.96463,42.23483,-2.962523,"353,073","353,073"
driver66,lun 2/01/17,07:26,07:27,0h 01m,0.009385629815012744,Conduciendo,1,SB30CNRMD2026Q01416,"17469, ES, 30,2 km norte Girona","17469, ES, 30,2 km norte Girona",42.233455,-2.962523,42.233455,-2.962409,"353,073","353,074"
driver66,lun 2/01/17,07:27,09:40,2h 13m,0.04980999096771853,Pausa,1,SB30CNRMD2026Q01416,"17469, ES, 30,2 km norte Girona","17469, ES, 30,2 km norte Girona",42.233085,-2.962409,42.233354,-2.962817,"353,074","353,074"
driver66,lun 2/01/17,09:40,09:41,0h 01m,0.013255146171743335,Otro trabajo,1,SB30CNRMD2026Q01416,"17469, ES, 30,2 km norte Girona","17469, ES, 30,2 km norte Girona",42.233444,-2.962817,42.233444,-2.962656,"353,074","353,074"
driver66,lun 2/01/17,09:41,09:48,0h 07m,0.01004425761312881,Conduciendo,1,SB30CNRMD2026Q01416,"17469, ES, 30,2 km norte Girona","17469, ES, 30,2 km norte Girona",42.233536,-2.962656,42.233536,-2.962534,"353,074","353,074"
driver66,lun 2/01/17,09:48,10:05,0h 17m,0.012431939119122836,Pausa,1,SB30CNRMD2026Q01416,"17469, ES, 30,2 km norte Girona","17469, ES, 30,2 km norte Girona",42.233036,-2.962534,42.2333,-2.962687,"353,074","353,074"
driver66,lun 2/01/17,10:05,10:06,0h 01m,0.01687770161138166,Otro trabajo,1,SB30CNRMD2026Q01416,"17469, ES, 30,2 km norte Girona","17469, ES, 30,3 km norte Girona",42.233328,-2.962687,42.233328,-2.962892,"353,074","353,074"
driver66,lun 2/01/17,10:06,10:09,0h 03m,0.6561695071753751,Conduciendo,1,SB30CNRMD2026Q01416,"17469, ES, 30,3 km norte Girona","17771, ES, 29,7 km norte Girona",42.233578,-2.962892,42.233578,-2.954922,"353,074","353,075"
driver66,lun 2/01/17,10:09,11:51,1h 42m,0.008562660372853033,Pausa,1,SB30CNRMD2026Q01416,"17771, ES, 29,7 km norte Girona","17771, ES, 29,8 km norte Girona",42.231012,-2.954922,42.231012,-2.955026,"353,075","353,075"
driver66,lun 2/01/17,11:51,11:55,0h 04m,0.623756281718543,Conduciendo,1,SB30CNRMD2026Q01416,"17771, ES, 29,8 km norte Girona","17469, ES, 30,2 km norte Girona",42.231072,-2.955026,42.231072,-2.962602,"353,075","353,076"
driver66,lun 2/01/17,11:55,11:58,0h 03m,0.0034578849282419473,Otro trabajo,1,SB30CNRMD2026Q01416,"17469, ES, 30,2 km norte Girona","17469, ES, 30,2 km norte Girona",42.233066,-2.962602,42.233066,-2.962644,"353,076","353,076"
driver66,lun 2/01/17,11:58,12:05,0h 07m,0.0009056367440376451,Pausa,1,SB30CNRMD2026Q01416,"17469, ES, 30,2 km norte Girona","17469, ES, 30,2 km norte Girona",42.233051,-2.962644,42.233051,-2.962655,"353,076","353,076"
driver66,lun 2/01/17,12:05,12:30,0h 25m,6.774736213315663,Conduciendo,1,SB30CNRMD2026Q01416,"17469, ES, 30,2 km norte Girona","17700, FR, 33,7 km sur Perpignan",42.233076,-2.962655,42.233076,-2.880368,"353,076","353,103"
driver66,lun 2/01/17,12:30,12:59,0h 29m,0.011742346564202925,Pausa,1,SB30CNRMD2026Q01416,"17700, FR, 33,7 km sur Perpignan","17700, FR, 33,7 km sur Perpignan",42.398606,-2.880368,42.398606,-2.880225,"353,103","353,103"
driver66,lun 2/01/17,12:59,13:40,0h 41m,1.8705621056783708,Conduciendo,1,SB30CNRMD2026Q01416,"17700, FR, 33,7 km sur Perpignan","66000, Perpignan, FR",42.39867,-2.880225,42.39867,-2.857445,"353,103","353,141"
driver66,lun 2/01/17,13:40,14:59,1h 19m,0.04373056505437148,Pausa,1,SB30CNRMD2026Q01416,"66000, Perpignan, FR","66000, Perpignan, FR",42.684346,-2.857445,42.684346,-2.85798,"353,141","353,141"
driver66,lun 2/01/17,14:59,15:08,0h 09m,0.6762264223796836,Conduciendo,1,SB30CNRMD2026Q01416,"66000, Perpignan, FR","66000, Perpignan, FR",42.68466,-2.85798,42.68466,-2.849707,"353,141","353,144"
driver66,lun 2/01/17,15:08,15:11,0h 03m,0.023296771118133077,Otro trabajo,1,SB30CNRMD2026Q01416,"66000, Perpignan, FR","66000, Perpignan, FR",42.681547,-2.849707,42.681547,-2.849422,"353,144","353,144"
driver66,lun 2/01/17,15:11,15:12,0h 01m,0.015776452573882726,Conduciendo,1,SB30CNRMD2026Q01416,"66000, Perpignan, FR","66000, Perpignan, FR",42.681379,-2.849422,42.681379,-2.849615,"353,144","353,145"
driver66,lun 2/01/17,15:12,15:43,0h 31m,0.009563945321403393,Pausa,1,SB30CNRMD2026Q01416,"66000, Perpignan, FR","66000, Perpignan, FR",42.681504,-2.849615,42.681475,-2.849428,"353,145","353,145"
driver66,lun 2/01/17,15:43,15:55,0h 12m,0.6356360741138324,Conduciendo,1,SB30CNRMD2026Q01416,"66000, Perpignan, FR","66000, Perpignan, FR",42.681345,-2.849428,42.681345,-2.841652,"353,145","353,148"
driver66,lun 2/01/17,15:55,17:09,1h 14m,0.0697289511932701,Pausa,1,SB30CNRMD2026Q01416,"66000, Perpignan, FR","66000, Perpignan, FR",42.679658,-2.841652,42.679876,-2.841021,"353,148","353,148"
driver66,lun 2/01/17,17:09,17:12,0h 03m,0.047984583603724276,Otro trabajo,1,SB30CNRMD2026Q01416,"66000, Perpignan, FR","66000, Perpignan, FR",42.679722,-2.841021,42.679722,-2.841608,"353,148","353,148"
driver66,lun 2/01/17,17:12,17:14,0h 02m,0.006376165291749252,Conduciendo,1,SB30CNRMD2026Q01416,"66000, Perpignan, FR","66000, Perpignan, FR",42.679531,-2.841608,42.679531,-2.84153,"353,148","353,149"
driver66,lun 2/01/17,17:14,17:42,0h 28m,0.0022071351695952925,Pausa,1,SB30CNRMD2026Q01416,"66000, Perpignan, FR","66000, Perpignan, FR",42.679502,-2.84153,42.679502,-2.841503,"353,149","353,149"
driver66,lun 2/01/17,17:42,18:58,1h 16m,30.385337171431587,Conduciendo,1,SB30CNRMD2026Q01416,"66000, Perpignan, FR","Béziers, 34350, FR, 64,0 km sudoeste Montpellier",42.679549,-2.841503,42.679549,-3.213209,"353,149","353,246"
driver66,lun 2/01/17,18:58,04:12,9h 14m,0.06862939607634133,Pausa,1,SB30CNRMD2026Q01416,"Béziers, 34350, FR, 64,0 km sudoeste Montpellier","Béziers, 34350, FR, 64,0 km sudoeste Montpellier",43.295242,-3.213209,43.295227,-3.213211,"353,246","353,246"
driver66,mar 3/01/17,04:12,04:19,0h 07m,0.007688426054519044,Otro trabajo,1,SB30CNRMD2026Q01416,"Béziers, 34350, FR, 64,0 km sudoeste Montpellier","Béziers, 34350, FR, 64,0 km sudoeste Montpellier",43.29537,-3.213211,43.29537,-3.213306,"353,246","353,246"
driver66,mar 3/01/17,04:19,05:04,0h 45m,19.731354737886193,Conduciendo,1,SB30CNRMD2026Q01416,"Béziers, 34350, FR, 64,0 km sudoeste Montpellier","A9/E15 La Languedocienne, 11480, FR, 28,4 km norte Perpignan",43.295284,-3.213306,43.295284,-2.969501,"353,246","353,301"
driver66,mar 3/01/17,05:04,05:33,0h 29m,0.03377583805123888,Pausa,1,SB30CNRMD2026Q01416,"A9/E15 La Languedocienne, 11480, FR, 28,4 km norte Perpignan","A9/E15 La Languedocienne, 11480, FR, 28,4 km norte Perpignan",42.951064,-2.969501,42.951064,-2.969086,"353,301","353,301"
driver66,mar 3/01/17,05:33,07:21,1h 48m,18.71770587254548,Conduciendo,1,SB30CNRMD2026Q01416,"A9/E15 La Languedocienne, 11480, FR, 28,4 km norte Perpignan","Ap7/E15 Autopista De La Mediterrània, 17412, ES, 24,0 km sur Girona",42.950673,-2.969086,42.950673,-2.739105,"353,301","353,453"
driver66,mar 3/01/17,07:21,07:31,0h 10m,0.011692516013188294,Pausa,1,SB30CNRMD2026Q01416,"Ap7/E15 Autopista De La Mediterrània, 17412, ES, 24,0 km sur Girona","Ap7/E15 Autopista De La Mediterrània, 17412, ES, 24,0 km sur Girona",41.774872,-2.739105,41.774872,-2.738964,"353,453","353,453"
driver66,mar 3/01/17,07:31,07:55,0h 24m,26.008550858603705,Conduciendo,1,SB30CNRMD2026Q01416,"Ap7/E15 Autopista De La Mediterrània, 17412, ES, 24,0 km sur Girona","Ap7/E15 Autopista De La Mediterrània, 08450, Mataró, ES",41.774836,-2.738964,41.774836,-2.425327,"353,453","353,485"
driver66,mar 3/01/17,07:55,08:00,0h 05m,0.15047502410209124,Pausa,1,SB30CNRMD2026Q01416,"Ap7/E15 Autopista De La Mediterrània, 08450, Mataró, ES","Ap7/E15 Autopista De La Mediterrània, 08450, Mataró, ES",41.648008,-2.425327,41.648008,-2.423516,"353,485","353,485"
driver66,mar 3/01/17,08:00,08:23,0h 23m,19.628834268225724,Conduciendo,1,SB30CNRMD2026Q01416,"Ap7/E15 Autopista De La Mediterrània, 08450, Mataró, ES","08130, Santa Perpètua De Mogoda, ES, próximo a Sabadell",41.647078,-2.423516,41.647078,-2.187282,"353,485","353,512"
driver66,mar 3/01/17,08:23,09:09,0h 46m,0.0330416268950371,Pausa,1,SB30CNRMD2026Q01416,"08130, Santa Perpètua De Mogoda, ES, próximo a Sabadell","08130, Sabadell, ES",41.540263,-2.187282,41.540263,-2.187679,"353,512","353,512"
driver66,mar 3/01/17,09:09,10:35,1h 26m,80.28086587607875,Conduciendo,1,SB30CNRMD2026Q01416,"08130, Sabadell, ES","43006, Tarragona, ES",41.54037,-2.187679,41.54037,-1.223086,"353,512","353,624"
driver66,mar 3/01/17,10:35,11:22,0h 47m,0.0015074413324658456,Pausa,1,SB30CNRMD2026Q01416,"43006, Tarragona, ES","43006, Tarragona, ES",41.135797,-1.223086,41.135797,-1.223104,"353,624","353,624"
driver66,mar 3/01/17,11:22,14:35,3h 13m,54.57845688777367,Conduciendo,1,SB30CNRMD2026Q01416,"43006, Tarragona, ES","Torrent, 46394, ES, 16,7 km oeste Valencia",41.135802,-1.223104,41.135802,-0.571394,"353,624","353,896"
driver66,mar 3/01/17,14:35,14:39,0h 04m,0.019825390165345257,Pausa,1,SB30CNRMD2026Q01416,"Torrent, 46394, ES, 16,7 km oeste Valencia","Torrent, 46394, ES, 16,8 km oeste Valencia",39.480991,-0.571394,39.480991,-0.571625,"353,896","353,896"
driver66,mar 3/01/17,14:39,14:46,0h 07m,0.051408789580288224,Conduciendo,1,SB30CNRMD2026Q01416,"Torrent, 46394, ES, 16,8 km oeste Valencia","Torrent, 46394, ES, 16,7 km oeste Valencia",39.480864,-0.571625,39.480864,-0.571026,"353,896","353,897"
driver66,mar 3/01/17,14:46,14:53,0h 07m,0.004977817404120818,Otro trabajo,1,SB30CNRMD2026Q01416,"Torrent, 46394, ES, 16,7 km oeste Valencia","Torrent, 46394, ES, 16,7 km oeste Valencia",39.480798,-0.571026,39.480798,-0.571084,"353,897","353,897"
driver66,mar 3/01/17,14:53,14:54,0h 01m,0.002832200753233761,Conduciendo,1,SB30CNRMD2026Q01416,"Torrent, 46394, ES, 16,7 km oeste Valencia","Torrent, 46394, ES, 16,7 km oeste Valencia",39.480938,-0.571084,39.480938,-0.571051,"353,897","353,897"
driver66,mar 3/01/17,14:54,15:35,0h 41m,0.004462861610335804,Pausa,1,SB30CNRMD2026Q01416,"Torrent, 46394, ES, 16,7 km oeste Valencia","Torrent, 46394, ES, 16,7 km oeste Valencia",39.480899,-0.571051,39.480897,-0.571002,"353,897","353,897"
driver66,mar 3/01/17,15:35,15:39,0h 04m,0.05183794564708067,Otro trabajo,1,SB30CNRMD2026Q01416,"Torrent, 46394, ES, 16,7 km oeste Valencia","Torrent, 46394, ES, 16,7 km oeste Valencia",39.480818,-0.571002,39.480818,-0.571606,"353,897","353,897"
driver66,mar 3/01/17,15:39,15:45,0h 06m,0.739806155374641,Conduciendo,1,SB30CNRMD2026Q01416,"Torrent, 46394, ES, 16,7 km oeste Valencia","Torrent, 46394, ES, 16,0 km oeste Valencia",39.480845,-0.571606,39.480845,-0.562986,"353,897","353,898"
driver66,mar 3/01/17,15:45,15:56,0h 11m,0.041455306383623096,Pausa,1,SB30CNRMD2026Q01416,"Torrent, 46394, ES, 16,0 km oeste Valencia","Torrent, 46394, ES, 16,0 km oeste Valencia",39.477258,-0.562986,39.478879,-0.562684,"353,898","353,898"
driver66,mar 3/01/17,15:56,16:03,0h 07m,0.546802651004915,Conduciendo,1,SB30CNRMD2026Q01416,"Torrent, 46394, ES, 16,0 km oeste Valencia","Torrent, 46394, ES, 16,5 km oeste Valencia",39.47887,-0.562684,39.47887,-0.569055,"353,898","353,900"
driver66,mar 3/01/17,16:03,16:04,0h 01m,0.00042913546697212213,Otro trabajo,1,SB30CNRMD2026Q01416,"Torrent, 46394, ES, 16,5 km oeste Valencia","Torrent, 46394, ES, 16,5 km oeste Valencia",39.478646,-0.569055,39.478646,-0.56906,"353,900","353,900"
driver66,mar 3/01/17,16:04,17:45,1h 41m,0.03338675324969274,Pausa,1,SB30CNRMD2026Q01416,"Torrent, 46394, ES, 16,5 km oeste Valencia","Torrent, 46394, ES, 16,5 km oeste Valencia",39.478617,-0.56906,39.478617,-0.569449,"353,900","353,900"
driver66,mar 3/01/17,17:45,18:14,0h 29m,13.416252909272172,Conduciendo,1,SB30CNRMD2026Q01416,"Torrent, 46394, ES, 16,5 km oeste Valencia","46460, Valencia, ES",39.478093,-0.569449,39.478093,-0.413133,"353,900","353,929"
driver66,mar 3/01/17,18:14,18:16,0h 02m,0.03885106375575598,Otro trabajo,1,SB30CNRMD2026Q01416,"46460, Valencia, ES","46460, Valencia, ES",39.375942,-0.413133,39.375942,-0.412681,"353,929","353,929"
driver66,mar 3/01/17,18:16,18:49,0h 33m,1.016142536952917,Conduciendo,1,SB30CNRMD2026Q01416,"46460, Valencia, ES","46470, Valencia, ES",39.376071,-0.412681,39.376071,-0.400859,"353,929","353,940"
driver66,mar 3/01/17,18:49,13:56,19h 7m,0.14136778776522346,Pausa,1,SB30CNRMD2026Q01416,"46470, Valencia, ES","46470, Valencia, ES",39.388749,-0.400859,39.38779,-0.400154,"353,940","353,941"
driver66,mie 4/01/17,13:56,17:13,3h 17m,48.81751782847927,Conduciendo,1,SB30CNRMD2026Q01416,"46470, Valencia, ES","30700, TorrePacheco, ES, 16,0 km norte Cartagena",39.387814,-0.400154,39.387814,-0.968203,"353,941","354,205"
driver66,mie 4/01/17,17:13,17:48,0h 35m,0.06180966957665909,Pausa,1,SB30CNRMD2026Q01416,"30700, TorrePacheco, ES, 16,0 km norte Cartagena","30700, TorrePacheco, ES, 16,0 km norte Cartagena",37.748294,-0.968203,37.748039,-0.967798,"354,205","354,205"
driver66,mie 4/01/17,17:48,17:50,0h 02m,0.006857991330619068,Otro trabajo,1,SB30CNRMD2026Q01416,"30700, TorrePacheco, ES, 16,0 km norte Cartagena","30700, TorrePacheco, ES, 15,9 km norte Cartagena",37.748067,-0.967798,37.748067,-0.967876,"354,205","354,205"
driver66,mie 4/01/17,17:50,17:51,0h 01m,0.029366274140992892,Conduciendo,1,SB30CNRMD2026Q01416,"30700, TorrePacheco, ES, 15,9 km norte Cartagena","30700, TorrePacheco, ES, 16,0 km norte Cartagena",37.748058,-0.967876,37.748058,-0.96821,"354,205","354,205"
driver66,mie 4/01/17,17:51,18:13,0h 22m,0.0030772858382108795,Pausa,1,SB30CNRMD2026Q01416,"30700, TorrePacheco, ES, 16,0 km norte Cartagena","30700, TorrePacheco, ES, 16,0 km norte Cartagena",37.748499,-0.96821,37.748499,-0.968175,"354,205","354,205"
driver66,mie 4/01/17,18:13,19:13,1h 00m,7.53335451691905,Conduciendo,1,SB30CNRMD2026Q01416,"30700, TorrePacheco, ES, 16,0 km norte Cartagena","30140, Murcia, ES",37.748664,-0.968175,37.748664,-1.053857,"354,205","354,265"
driver66,mie 4/01/17,19:13,20:40,1h 27m,0.6156540399348567,Pausa,1,SB30CNRMD2026Q01416,"30140, Murcia, ES","30140, Murcia, ES",38.102506,-1.053857,38.101864,-1.054379,"354,265","354,266"
driver66,mie 4/01/17,20:40,20:42,0h 02m,0.05328805950818973,Conduciendo,1,SB30CNRMD2026Q01416,"30140, Murcia, ES","30140, Murcia, ES",38.10189,-1.054379,38.10189,-1.05377,"354,266","354,266"
driver66,mie 4/01/17,20:42,20:47,0h 05m,0.0009625029399205456,Otro trabajo,1,SB30CNRMD2026Q01416,"30140, Murcia, ES","30140, Murcia, ES",38.102434,-1.05377,38.102434,-1.053781,"354,266","354,266"
driver66,mie 4/01/17,20:47,20:49,0h 02m,0.1404379501024772,Conduciendo,1,SB30CNRMD2026Q01416,"30140, Murcia, ES","30140, Murcia, ES",38.102423,-1.053781,38.102423,-1.052176,"354,266","354,267"
driver66,mie 4/01/17,20:49,20:51,0h 02m,0.000874985834743741,Otro trabajo,1,SB30CNRMD2026Q01416,"30140, Murcia, ES","30140, Murcia, ES",38.10384,-1.052176,38.10384,-1.052166,"354,267","354,267"
driver66,mie 4/01/17,20:51,21:31,0h 40m,35.11752721382668,Conduciendo,1,SB30CNRMD2026Q01416,"30140, Murcia, ES","Ap7 Circunvalación De Alicante, 03679, Elche, ES",38.103844,-1.052166,38.103844,-0.650816,"354,267","354,320"
driver66,mie 4/01/17,21:31,21:36,0h 05m,0.3231300349231015,Otro trabajo,1,SB30CNRMD2026Q01416,"Ap7 Circunvalación De Alicante, 03679, Elche, ES","Ap7 Circunvalación De Alicante, 03006, Elche, ES",38.359903,-0.650816,38.359903,-0.64711,"354,320","354,320"
driver66,mie 4/01/17,21:36,22:53,1h 17m,23.57841247414678,Conduciendo,1,SB30CNRMD2026Q01416,"Ap7 Circunvalación De Alicante, 03006, Elche, ES","46841, Castelló De Rugat, ES, 59,5 km norte Alicante",38.361914,-0.64711,38.361914,-0.37668,"354,320","354,420"
driver66,mie 4/01/17,22:53,22:54,0h 01m,0.004847823645088958,Otro trabajo,1,SB30CNRMD2026Q01416,"46841, Castelló De Rugat, ES, 59,5 km norte Alicante","46841, Castelló De Rugat, ES, 59,4 km norte Alicante",38.874072,-0.37668,38.874072,-0.376736,"354,420","354,420"
driver66,mie 4/01/17,22:54,22:59,0h 05m,0.0006925496649315462,Pausa,1,SB30CNRMD2026Q01416,"46841, Castelló De Rugat, ES, 59,4 km norte Alicante","46841, Castelló De Rugat, ES, 59,4 km norte Alicante",38.87372,-0.376736,38.87372,-0.376728,"354,420","354,420"
driver66,mie 4/01/17,22:59,23:13,0h 14m,1.1307608781007001,Conduciendo,1,SB30CNRMD2026Q01416,"46841, Castelló De Rugat, ES, 59,4 km norte Alicante","46841, Castelló De Rugat, ES, 59,0 km norte Alicante",38.873694,-0.376728,38.873694,-0.38979,"354,420","354,424"
driver66,mie 4/01/17,23:13,08:15,9h 02m,0.0038957236257042777,Pausa,1,SB30CNRMD2026Q01416,"46841, Castelló De Rugat, ES, 59,0 km norte Alicante","46841, Castelló De Rugat, ES, 59,0 km norte Alicante",38.871316,-0.38979,38.871316,-0.389745,"354,424","354,424"
driver66,jue 5/01/17,08:15,08:21,0h 06m,1.142398827174588,Conduciendo,1,SB30CNRMD2026Q01416,"46841, Castelló De Rugat, ES, 59,0 km norte Alicante","46841, Castelló De Rugat, ES, 59,5 km norte Alicante",38.871346,-0.389745,38.871346,-0.376549,"354,424","354,426"
driver66,jue 5/01/17,08:21,08:23,0h 02m,0.030125628551478364,Pausa,1,SB30CNRMD2026Q01416,"46841, Castelló De Rugat, ES, 59,5 km norte Alicante","46841, Castelló De Rugat, ES, 59,5 km norte Alicante",38.874385,-0.376549,38.874385,-0.376897,"354,426","354,426"
driver66,jue 5/01/17,08:23,08:25,0h 02m,0.02268076186721918,Conduciendo,1,SB30CNRMD2026Q01416,"46841, Castelló De Rugat, ES, 59,5 km norte Alicante","46841, Castelló De Rugat, ES, 59,5 km norte Alicante",38.874471,-0.376897,38.874471,-0.376635,"354,426","354,426"
driver66,jue 5/01/17,08:25,08:27,0h 02m,0.004934378108485411,Otro trabajo,1,SB30CNRMD2026Q01416,"46841, Castelló De Rugat, ES, 59,5 km norte Alicante","46841, Castelló De Rugat, ES, 59,5 km norte Alicante",38.874271,-0.376635,38.874271,-0.376578,"354,426","354,426"
driver66,jue 5/01/17,08:27,08:29,0h 02m,0.009522485006886601,Conduciendo,1,SB30CNRMD2026Q01416,"46841, Castelló De Rugat, ES, 59,5 km norte Alicante","46841, Castelló De Rugat, ES, 59,5 km norte Alicante",38.874264,-0.376578,38.874264,-0.376688,"354,426","354,426"
driver66,jue 5/01/17,08:29,08:42,0h 13m,0.003635848038425338,Pausa,1,SB30CNRMD2026Q01416,"46841, Castelló De Rugat, ES, 59,5 km norte Alicante","46841, Castelló De Rugat, ES, 59,5 km norte Alicante",38.874457,-0.376688,38.874457,-0.37673,"354,426","354,426"
driver66,jue 5/01/17,08:42,08:47,0h 05m,0.06882148192328105,Otro trabajo,1,SB30CNRMD2026Q01416,"46841, Castelló De Rugat, ES, 59,5 km norte Alicante","46841, Castelló De Rugat, ES, 59,4 km norte Alicante",38.874382,-0.37673,38.874382,-0.377525,"354,426","354,427"
driver66,jue 5/01/17,08:47,09:20,0h 33m,13.896667524641211,Conduciendo,1,SB30CNRMD2026Q01416,"46841, Castelló De Rugat, ES, 59,4 km norte Alicante","46270, ES, 47,2 km sur Valencia",38.873885,-0.377525,38.873885,-0.538053,"354,427","354,466"
driver66,jue 5/01/17,09:20,09:25,0h 05m,0.009583326605335124,Pausa,1,SB30CNRMD2026Q01416,"46270, ES, 47,2 km sur Valencia","46270, ES, 47,2 km sur Valencia",39.064158,-0.538053,39.064158,-0.538164,"354,466","354,466"
driver66,jue 5/01/17,09:25,09:27,0h 02m,0.003280779499947117,Conduciendo,1,SB30CNRMD2026Q01416,"46270, ES, 47,2 km sur Valencia","46270, ES, 47,3 km sur Valencia",39.064136,-0.538164,39.064136,-0.538202,"354,466","354,467"
driver66,jue 5/01/17,09:27,09:29,0h 02m,0.011396480737956167,Otro trabajo,1,SB30CNRMD2026Q01416,"46270, ES, 47,3 km sur Valencia","46270, ES, 47,2 km sur Valencia",39.063586,-0.538202,39.063586,-0.53807,"354,467","354,467"
driver66,jue 5/01/17,09:29,09:30,0h 01m,0.005093839401796116,Conduciendo,1,SB30CNRMD2026Q01416,"46270, ES, 47,2 km sur Valencia","46270, ES, 47,2 km sur Valencia",39.06417,-0.53807,39.06417,-0.538129,"354,467","354,467"
driver66,jue 5/01/17,09:30,09:33,0h 03m,0.0009497004455479241,Otro trabajo,1,SB30CNRMD2026Q01416,"46270, ES, 47,2 km sur Valencia","46270, ES, 47,2 km sur Valencia",39.064053,-0.538129,39.064053,-0.538118,"354,467","354,467"
driver66,jue 5/01/17,09:33,09:35,0h 02m,0.008288299728728379,Conduciendo,1,SB30CNRMD2026Q01416,"46270, ES, 47,2 km sur Valencia","46270, ES, 47,2 km sur Valencia",39.064011,-0.538118,39.064011,-0.538214,"354,467","354,467"
driver66,jue 5/01/17,09:35,10:01,0h 26m,0.0031081135870398174,Pausa,1,SB30CNRMD2026Q01416,"46270, ES, 47,2 km sur Valencia","46270, ES, 47,2 km sur Valencia",39.063984,-0.538214,39.063984,-0.538178,"354,467","354,467"
driver66,jue 5/01/17,10:01,10:04,0h 03m,0.023483531533110256,Otro trabajo,1,SB30CNRMD2026Q01416,"46270, ES, 47,2 km sur Valencia","46270, ES, 47,2 km sur Valencia",39.063964,-0.538178,39.063964,-0.537906,"354,467","354,467"
driver66,jue 5/01/17,10:04,10:13,0h 09m,0.7587205467720898,Conduciendo,1,SB30CNRMD2026Q01416,"46270, ES, 47,2 km sur Valencia","A7 Autovía Del Mediterráneo, 46292, ES, 37,6 km sur Valencia",39.064404,-0.537906,39.064404,-0.529118,"354,467","354,478"
driver66,jue 5/01/17,10:13,10:18,0h 05m,0.045355846322200466,Pausa,1,SB30CNRMD2026Q01416,"A7 Autovía Del Mediterráneo, 46292, ES, 37,6 km sur Valencia","A7 Autovía Del Mediterráneo, 46292, ES, 37,5 km sur Valencia",39.152732,-0.529118,39.152732,-0.528592,"354,478","354,478"
driver66,jue 5/01/17,10:18,10:27,0h 09m,3.4769347691611996,Conduciendo,1,SB30CNRMD2026Q01416,"A7 Autovía Del Mediterráneo, 46292, ES, 37,5 km sur Valencia","A7 Autovía Del Mediterráneo, 46240, ES, 28,7 km sur Valencia",39.153351,-0.528592,39.153351,-0.488269,"354,478","354,488"
driver66,jue 5/01/17,10:27,10:39,0h 12m,0.0003445477595600734,Pausa,1,SB30CNRMD2026Q01416,"A7 Autovía Del Mediterráneo, 46240, ES, 28,7 km sur Valencia","A7 Autovía Del Mediterráneo, 46240, ES, 28,7 km sur Valencia",39.22686,-0.488269,39.22686,-0.488273,"354,488","354,488"
driver66,jue 5/01/17,10:39,11:13,0h 34m,6.960210448573745,Conduciendo,1,SB30CNRMD2026Q01416,"A7 Autovía Del Mediterráneo, 46240, ES, 28,7 km sur Valencia","Torrent, 46394, ES, 16,5 km oeste Valencia",39.226846,-0.488273,39.226846,-0.569077,"354,488","354,525"
driver66,jue 5/01/17,11:13,11:22,0h 09m,0.0022315155924332803,Pausa,1,SB30CNRMD2026Q01416,"Torrent, 46394, ES, 16,5 km oeste Valencia","Torrent, 46394, ES, 16,5 km oeste Valencia",39.478298,-0.569077,39.478298,-0.569103,"354,525","354,525"
driver66,jue 5/01/17,11:22,11:23,0h 01m,0.0012015816395592386,Conduciendo,1,SB30CNRMD2026Q01416,"Torrent, 46394, ES, 16,5 km oeste Valencia","Torrent, 46394, ES, 16,5 km oeste Valencia",39.478511,-0.569103,39.478511,-0.569117,"354,525","354,525"
driver66,jue 5/01/17,11:23,11:27,0h 04m,0.002403169083319544,Otro trabajo,1,SB30CNRMD2026Q01416,"Torrent, 46394, ES, 16,5 km oeste Valencia","Torrent, 46394, ES, 16,5 km oeste Valencia",39.478343,-0.569117,39.478343,-0.569145,"354,525","354,525"
driver66,jue 5/01/17,11:27,17:32,30h 05m,0.08797316658967064,Pausa,1,SB30CNRMD2026Q01416,"Torrent, 46394, ES, 16,5 km oeste Valencia","Torrent, 46394, ES, 16,6 km oeste Valencia",39.478333,-0.569145,39.478333,-0.57017,"354,525","354,525"
driver66,vie 6/01/17,17:32,17:50,0h 18m,10.514241220327884,Conduciendo,1,SB30CNRMD2026Q01416,"Torrent, 46394, ES, 16,6 km oeste Valencia","46380, ES, 27,3 km oeste Valencia",39.478686,-0.57017,39.478686,-0.692675,"354,525","354,540"
driver66,vie 6/01/17,17:50,10:32,16h 42m,0.06332249314248427,Pausa,1,SB30CNRMD2026Q01416,"46380, ES, 27,3 km oeste Valencia","46380, ES, 27,3 km oeste Valencia",39.498301,-0.692675,39.498301,-0.693413,"354,540","354,540"
driver66,sab 7/01/17,10:32,10:36,0h 04m,0.19880362422460154,Conduciendo,1,SB30CNRMD2026Q01416,"46380, ES, 27,3 km oeste Valencia","46380, Cheste, ES, 27,1 km oeste Valencia",39.498842,-0.693413,39.498842,-0.691096,"354,540","354,541"
driver66,sab 7/01/17,10:36,10:41,0h 05m,0.000514819846657848,Pausa,1,SB30CNRMD2026Q01416,"46380, Cheste, ES, 27,1 km oeste Valencia","46380, Cheste, ES, 27,1 km oeste Valencia",39.497919,-0.691096,39.497919,-0.691102,"354,541","354,541"
driver66,sab 7/01/17,10:41,10:42,0h 01m,0.005834627111240893,Otro trabajo,1,SB30CNRMD2026Q01416,"46380, Cheste, ES, 27,1 km oeste Valencia","46380, Cheste, ES, 27,1 km oeste Valencia",39.497893,-0.691102,39.497893,-0.691034,"354,541","354,541"
driver66,sab 7/01/17,10:42,10:45,0h 03m,0.006177831227589898,Conduciendo,1,SB30CNRMD2026Q01416,"46380, Cheste, ES, 27,1 km oeste Valencia","46380, Cheste, ES, 27,1 km oeste Valencia",39.497997,-0.691034,39.497997,-0.690962,"354,541","354,541"
driver66,sab 7/01/17,10:45,10:47,0h 02m,0.006606848140490478,Otro trabajo,1,SB30CNRMD2026Q01416,"46380, Cheste, ES, 27,1 km oeste Valencia","46380, Cheste, ES, 27,1 km oeste Valencia",39.497988,-0.690962,39.497988,-0.690885,"354,541","354,541"
driver66,sab 7/01/17,10:47,10:48,0h 01m,0.008151310720798489,Conduciendo,1,SB30CNRMD2026Q01416,"46380, Cheste, ES, 27,1 km oeste Valencia","46380, Cheste, ES, 27,1 km oeste Valencia",39.497949,-0.690885,39.497949,-0.69098,"354,541","354,541"
driver66,sab 7/01/17,10:48,12:09,1h 21m,0.030803377872311934,Pausa,1,SB30CNRMD2026Q01416,"46380, Cheste, ES, 27,1 km oeste Valencia","46380, ES, 27,1 km oeste Valencia",39.497992,-0.69098,39.497635,-0.691334,"354,541","354,541"
driver66,sab 7/01/17,12:09,12:50,0h 41m,33.52939462807109,Conduciendo,1,SB30CNRMD2026Q01416,"46380, ES, 27,1 km oeste Valencia","Ap7/E15 Autopista Del Mediterrània, 46500, Sagunto, ES, 21,1 km norte Valencia",39.497434,-0.691334,39.497434,-0.300566,"354,541","354,590"
driver66,sab 7/01/17,12:50,13:08,0h 18m,0.0014554409244498733,Pausa,1,SB30CNRMD2026Q01416,"Ap7/E15 Autopista Del Mediterrània, 46500, Sagunto, ES, 21,1 km norte Valencia","Ap7/E15 Autopista Del Mediterrània, 46500, Sagunto, ES, 21,1 km norte Valencia",39.650893,-0.300566,39.650893,-0.300549,"354,590","354,590"
driver66,sab 7/01/17,13:08,14:35,1h 27m,9.128529563275826,Conduciendo,1,SB30CNRMD2026Q01416,"Ap7/E15 Autopista Del Mediterrània, 46500, Sagunto, ES, 21,1 km norte Valencia","Ap7/E15 Autopista Del Mediterrani, 12580, ES, 64,5 km nordeste Castellón De La Plana",39.650858,-0.300549,39.650858,-0.407173,"354,590","354,712"
driver66,sab 7/01/17,14:35,15:06,0h 31m,0.0029612118236264436,Pausa,1,SB30CNRMD2026Q01416,"Ap7/E15 Autopista Del Mediterrani, 12580, ES, 64,5 km nordeste Castellón De La Plana","Ap7/E15 Autopista Del Mediterrani, 12580, ES, 64,5 km nordeste Castellón De La Plana",40.458117,-0.407173,40.458117,-0.407208,"354,712","354,712"
driver66,sab 7/01/17,15:06,16:39,1h 33m,88.24456202024193,Conduciendo,1,SB30CNRMD2026Q01416,"Ap7/E15 Autopista Del Mediterrani, 12580, ES, 64,5 km nordeste Castellón De La Plana","Ap7/E15 Autopista Del Mediterrani, 43883, ES, 18,5 km este Tarragona",40.458157,-0.407208,40.458157,-1.45022,"354,712","354,847"
driver66,sab 7/01/17,16:39,16:41,0h 02m,0.0017574782672063023,Otro trabajo,1,SB30CNRMD2026Q01416,"Ap7/E15 Autopista Del Mediterrani, 43883, ES, 18,5 km este Tarragona","Ap7/E15 Autopista Del Mediterrani, 43883, ES, 18,5 km este Tarragona",41.180658,-1.45022,41.180658,-1.450241,"354,847","354,847"
driver66,sab 7/01/17,16:41,17:40,0h 59m,60.0485840281457,Conduciendo,1,SB30CNRMD2026Q01416,"Ap7/E15 Autopista Del Mediterrani, 43883, ES, 18,5 km este Tarragona","08130, Sabadell, ES",41.180669,-1.450241,41.180669,-2.16776,"354,847","354,931"
driver66,sab 7/01/17,17:40,17:51,0h 11m,0.0004994812026315278,Pausa,1,SB30CNRMD2026Q01416,"08130, Sabadell, ES","08130, Sabadell, ES",41.525818,-2.16776,41.525818,-2.167766,"354,931","354,931"
driver66,sab 7/01/17,17:51,18:35,0h 44m,47.60847374851961,Conduciendo,1,SB30CNRMD2026Q01416,"08130, Sabadell, ES","Ap7/E15 Autopista De La Mediterrània, 17412, ES, 24,3 km sur Girona",41.525804,-2.167766,41.525804,-2.739662,"354,931","354,991"
driver66,sab 7/01/17,18:35,19:05,0h 30m,0.0011610021519693058,Pausa,1,SB30CNRMD2026Q01416,"Ap7/E15 Autopista De La Mediterrània, 17412, ES, 24,3 km sur Girona","Ap7/E15 Autopista De La Mediterrània, 17412, ES, 24,3 km sur Girona",41.77249,-2.739662,41.77249,-2.739648,"354,991","354,991"
driver66,sab 7/01/17,19:05,20:07,1h 02m,11.649740178010024,Conduciendo,1,SB30CNRMD2026Q01416,"Ap7/E15 Autopista De La Mediterrània, 17412, ES, 24,3 km sur Girona","17700, FR, 33,7 km sur Perpignan",41.772506,-2.739648,41.772506,-2.880127,"354,991","355,074"
driver66,sab 7/01/17,20:07,21:01,0h 54m,0.0004105707861375797,Pausa,1,SB30CNRMD2026Q01416,"17700, FR, 33,7 km sur Perpignan","17700, FR, 33,7 km sur Perpignan",42.398724,-2.880127,42.398724,-2.880132,"355,074","355,074"
driver66,sab 7/01/17,21:01,21:26,0h 25m,2.8941924283884894,Conduciendo,1,SB30CNRMD2026Q01416,"17700, FR, 33,7 km sur Perpignan","A9/E15 La Catalane, 66300, Perpignan, FR",42.398792,-2.880132,42.398792,-2.844886,"355,074","355,099"
driver66,sab 7/01/17,21:26,21:32,0h 06m,0.008270173044337286,Pausa,1,SB30CNRMD2026Q01416,"A9/E15 La Catalane, 66300, Perpignan, FR","A9/E15 La Catalane, 66300, Perpignan, FR",42.575147,-2.844886,42.575147,-2.844987,"355,099","355,099"
driver66,sab 7/01/17,21:32,21:39,0h 07m,1.3809164886829173,Conduciendo,1,SB30CNRMD2026Q01416,"A9/E15 La Catalane, 66300, Perpignan, FR","A9/E15 La Catalane, 66450, Perpignan, FR",42.576892,-2.844987,42.576892,-2.861852,"355,099","355,108"
driver66,sab 7/01/17,21:39,21:42,0h 03m,0.02085353607563463,Otro trabajo,1,SB30CNRMD2026Q01416,"A9/E15 La Catalane, 66450, Perpignan, FR","A9/E15 La Catalane, 66000, Perpignan, FR",42.654545,-2.861852,42.654545,-2.861597,"355,108","355,108"
driver66,sab 7/01/17,21:42,22:56,1h 14m,28.75097048919862,Conduciendo,1,SB30CNRMD2026Q01416,"A9/E15 La Catalane, 66000, Perpignan, FR","Béziers, 34350, FR, 64,0 km sudoeste Montpellier",42.656278,-2.861597,42.656278,-3.213178,"355,108","355,203"
driver66,sab 7/01/17,22:56,10:03,11h 07m,0.002508862367758983,Pausa,1,SB30CNRMD2026Q01416,"Béziers, 34350, FR, 64,0 km sudoeste Montpellier","Béziers, 34350, FR, 64,0 km sudoeste Montpellier",43.295187,-3.213178,43.295187,-3.213147,"355,203","355,203"
driver66,dom 8/01/17,10:03,10:05,0h 02m,0.29612675372209857,Conduciendo,1,SB30CNRMD2026Q01416,"Béziers, 34350, FR, 64,0 km sudoeste Montpellier","Béziers, 34350, FR, 63,8 km sudoeste Montpellier",43.295174,-3.213147,43.295174,-3.216806,"355,203","355,203"
driver66,dom 8/01/17,10:05,10:07,0h 02m,0.0027516345043668857,Otro trabajo,1,SB30CNRMD2026Q01416,"Béziers, 34350, FR, 63,8 km sudoeste Montpellier","Béziers, 34350, FR, 63,8 km sudoeste Montpellier",43.295651,-3.216806,43.295651,-3.21684,"355,203","355,203"
driver66,dom 8/01/17,10:07,11:18,1h 11m,77.96947484595044,Conduciendo,1,SB30CNRMD2026Q01416,"Béziers, 34350, FR, 63,8 km sudoeste Montpellier","A9/E15/E80 La Languedocienne, 30660, FR, 18,8 km sudoeste Nîmes",43.295654,-3.21684,43.295654,-4.180259,"355,203","355,302"
driver66,dom 8/01/17,11:18,11:21,0h 03m,0.15235366561970154,Otro trabajo,1,SB30CNRMD2026Q01416,"A9/E15/E80 La Languedocienne, 30660, FR, 18,8 km sudoeste Nîmes","A9/E15/E80 La Languedocienne, 30660, FR, 18,7 km sudoeste Nîmes",43.726075,-4.180259,43.726075,-4.182155,"355,302","355,302"
driver66,dom 8/01/17,11:21,12:05,0h 44m,46.823084645737744,Conduciendo,1,SB30CNRMD2026Q01416,"A9/E15/E80 La Languedocienne, 30660, FR, 18,7 km sudoeste Nîmes","A9/E15 La Languedocienne, 30150, Avignon, FR",43.726201,-4.182155,43.726201,-4.764858,"355,302","355,365"
driver66,dom 8/01/17,12:05,12:09,0h 04m,0.03180971295936405,Pausa,1,SB30CNRMD2026Q01416,"A9/E15 La Languedocienne, 30150, Avignon, FR","A9/E15 La Languedocienne, 30150, Avignon, FR",44.046737,-4.764858,44.046737,-4.765256,"355,365","355,365"
driver66,dom 8/01/17,12:09,12:44,0h 35m,0.6589374713266821,Conduciendo,1,SB30CNRMD2026Q01416,"A9/E15 La Languedocienne, 30150, Avignon, FR","A7/E15 Autoroute Du Soleil, 26780, FR, 53,8 km sur Valence",44.049892,-4.765256,44.049892,-4.757011,"355,365","355,416"
driver66,dom 8/01/17,12:44,13:00,0h 16m,0.0018255242755401172,Pausa,1,SB30CNRMD2026Q01416,"A7/E15 Autoroute Du Soleil, 26780, FR, 53,8 km sur Valence","A7/E15 Autoroute Du Soleil, 26780, FR, 53,8 km sur Valence",44.455293,-4.757011,44.455293,-4.757034,"355,416","355,416"
driver66,dom 8/01/17,13:00,14:42,1h 42m,5.560701134363602,Conduciendo,1,SB30CNRMD2026Q01416,"A7/E15 Autoroute Du Soleil, 26780, FR, 53,8 km sur Valence","Vénissieux, 38670, FR, 19,9 km sur Lyon",44.455339,-4.757034,44.455339,-4.827094,"355,416","355,559"
driver66,dom 8/01/17,14:42,17:46,3h 4m,0.0009337781654509104,Pausa,1,SB30CNRMD2026Q01416,"Vénissieux, 38670, FR, 19,9 km sur Lyon","LonsLeSaunier, 39140, FR, 64,3 km sudoeste Besançon",45.58858,-4.827094,45.588559,-5.523002,"355,559","355,736"
driver66,dom 8/01/17,17:46,19:07,1h 21m,45.76108303034347,Conduciendo,1,SB30CNRMD2026Q01416,"LonsLeSaunier, 39140, FR, 64,3 km sudoeste Besançon","A36/E60 La Comtoise, 25640, Besançon, FR",46.77526,-5.523002,46.77526,-6.123912,"355,736","355,848"
driver66,dom 8/01/17,19:07,19:39,0h 32m,0.006707898965012322,Pausa,1,SB30CNRMD2026Q01416,"A36/E60 La Comtoise, 25640, Besançon, FR","A36/E60 La Comtoise, 25640, Besançon, FR",47.326822,-6.123912,47.326822,-6.123823,"355,848","355,849"
driver66,dom 8/01/17,19:39,21:37,1h 58m,110.68627178846425,Conduciendo,1,SB30CNRMD2026Q01416,"A36/E60 La Comtoise, 25640, Besançon, FR","79258, DE, 21,7 km sudoeste Freiburg Im Breisgau",47.326767,-6.123823,47.326767,-7.592422,"355,849","356,002"
driver66,dom 8/01/17,21:37,11:34,37h 57m,0.11716630873326389,Pausa,1,SB30CNRMD2026Q01416,"79258, DE, 21,7 km sudoeste Freiburg Im Breisgau","79258, DE, 21,9 km sudoeste Freiburg Im Breisgau",47.910291,-7.592422,47.908616,-7.591898,"356,002","356,003"
driver66,mar 10/01/17,11:34,12:34,1h 00m,23.308878099822685,Conduciendo,1,SB30CNRMD2026Q01416,"79258, DE, 21,9 km sudoeste Freiburg Im Breisgau","A5/E35, 77656, Offenburg, DE",47.908203,-7.591898,47.908203,-7.904617,"356,003","356,085"
driver66,mar 10/01/17,12:34,12:45,0h 11m,0.0132626104833826,Pausa,1,SB30CNRMD2026Q01416,"A5/E35, 77656, Offenburg, DE","A5/E35, 77656, Offenburg, DE",48.499187,-7.904617,48.499187,-7.904797,"356,085","356,085"
driver66,mar 10/01/17,12:45,13:24,0h 39m,28.339717150019457,Conduciendo,1,SB30CNRMD2026Q01416,"A5/E35, 77656, Offenburg, DE","A5/E35/E52, 76467, BadenBaden, DE",48.499223,-7.904797,48.499223,-8.289424,"356,085","356,139"
driver66,mar 10/01/17,13:24,13:46,0h 22m,0.005337300500389608,Pausa,1,SB30CNRMD2026Q01416,"A5/E35/E52, 76467, BadenBaden, DE","A5/E35/E52, 76467, BadenBaden, DE",48.888434,-8.289424,48.888434,-8.289497,"356,139","356,139"
driver66,mar 10/01/17,13:46,14:59,1h 13m,22.914017344276505,Conduciendo,1,SB30CNRMD2026Q01416,"A5/E35/E52, 76467, BadenBaden, DE","Heppenheim (Bergstraße), 64625, DE, 18,8 km este Worms",48.88848,-8.289497,48.88848,-8.6029,"356,139","356,241"
driver66,mar 10/01/17,14:59,15:31,0h 32m,0.005970661830927666,Pausa,1,SB30CNRMD2026Q01416,"Heppenheim (Bergstraße), 64625, DE, 18,8 km este Worms","Heppenheim (Bergstraße), 64625, DE, 18,8 km este Worms",49.689228,-8.6029,49.689228,-8.602983,"356,241","356,241"
driver66,mar 10/01/17,15:31,17:53,2h 22m,42.1590222196193,Conduciendo,1,SB30CNRMD2026Q01416,"Heppenheim (Bergstraße), 64625, DE, 18,8 km este Worms","A45/E40/E41, 57080, Siegen, DE",49.689396,-8.602983,49.689396,-8.016914,"356,241","356,432"
driver66,mar 10/01/17,17:53,18:08,0h 15m,0.0035814562058149417,Pausa,1,SB30CNRMD2026Q01416,"A45/E40/E41, 57080, Siegen, DE","A45/E40/E41, 57080, Siegen, DE",50.835777,-8.016914,50.835777,-8.016863,"356,432","356,432"
driver66,mar 10/01/17,18:08,19:51,1h 43m,26.399727921663995,Conduciendo,1,SB30CNRMD2026Q01416,"A45/E40/E41, 57080, Siegen, DE","59387, DE, 16,0 km noroeste Hamm",50.835777,-8.016863,50.835777,-7.64093,"356,432","356,565"
driver66,mar 10/01/17,19:51,20:22,0h 31m,0.00495378511327242,Pausa,1,SB30CNRMD2026Q01416,"59387, DE, 16,0 km noroeste Hamm","59387, DE, 16,1 km noroeste Hamm",51.774624,-7.64093,51.774624,-7.640858,"356,565","356,565"
driver66,mar 10/01/17,20:22,21:36,1h 14m,32.51499280738309,Conduciendo,1,SB30CNRMD2026Q01416,"59387, DE, 16,1 km noroeste Hamm","A1/E37, 49451, Diepholz, DE, 30,2 km norte Osnabrück",51.774738,-7.640858,51.774738,-8.113444,"356,565","356,669"
driver66,mar 10/01/17,21:36,06:52,9h 16m,0.002570117935815024,Pausa,1,SB30CNRMD2026Q01416,"A1/E37, 49451, Diepholz, DE, 30,2 km norte Osnabrück","A1/E37, 49451, Diepholz, DE, 30,3 km norte Osnabrück",52.536687,-8.113444,52.536687,-8.113482,"356,669","356,669"
driver66,mie 11/01/17,06:52,07:27,0h 35m,3.536249900636793,Conduciendo,1,SB30CNRMD2026Q01416,"A1/E37, 49451, Diepholz, DE, 30,3 km norte Osnabrück","Cloppenburg, 49685, DE, 36,6 km sur Oldenburg (Oldenburg)",52.537052,-8.113482,52.537052,-8.165767,"356,669","356,706"
driver66,mie 11/01/17,07:27,07:31,0h 04m,0.0008738009354036233,Pausa,1,SB30CNRMD2026Q01416,"Cloppenburg, 49685, DE, 36,6 km sur Oldenburg (Oldenburg)","Cloppenburg, 49685, DE, 36,6 km sur Oldenburg (Oldenburg)",52.808343,-8.165767,52.808343,-8.16578,"356,706","356,706"
driver66,mie 11/01/17,07:31,07:33,0h 02m,0.03669964941871176,Conduciendo,1,SB30CNRMD2026Q01416,"Cloppenburg, 49685, DE, 36,6 km sur Oldenburg (Oldenburg)","Cloppenburg, 49685, DE, 36,6 km sur Oldenburg (Oldenburg)",52.808331,-8.16578,52.808331,-8.166326,"356,706","356,707"
driver66,mie 11/01/17,07:33,07:35,0h 02m,0.003696833275467432,Otro trabajo,1,SB30CNRMD2026Q01416,"Cloppenburg, 49685, DE, 36,6 km sur Oldenburg (Oldenburg)","Cloppenburg, 49685, DE, 36,6 km sur Oldenburg (Oldenburg)",52.808541,-8.166326,52.808541,-8.166381,"356,707","356,707"
driver66,mie 11/01/17,07:35,08:38,1h 3m,0.0302468867535041,Pausa,1,SB30CNRMD2026Q01416,"Cloppenburg, 49685, DE, 36,6 km sur Oldenburg (Oldenburg)","Cloppenburg, 49685, DE, 36,6 km sur Oldenburg (Oldenburg)",52.808475,-8.166381,52.808576,-8.166748,"356,707","356,707"
driver66,mie 11/01/17,08:38,08:50,0h 12m,3.289701057660323,Conduciendo,1,SB30CNRMD2026Q01416,"Cloppenburg, 49685, DE, 36,6 km sur Oldenburg (Oldenburg)","A1/E37, 49685, Cloppenburg, DE, 34,1 km sur Oldenburg (Oldenburg)",52.808673,-8.166748,52.808673,-8.215691,"356,707","356,713"
driver66,mie 11/01/17,08:50,10:16,1h 26m,0.028015160645298534,Pausa,1,SB30CNRMD2026Q01416,"A1/E37, 49685, Cloppenburg, DE, 34,1 km sur Oldenburg (Oldenburg)","A1/E37, 49685, Cloppenburg, DE, 33,9 km sur Oldenburg (Oldenburg)",52.829567,-8.215691,52.829567,-8.216108,"356,713","356,713"
driver66,mie 11/01/17,10:16,10:29,0h 13m,13.99177922043606,Conduciendo,1,SB30CNRMD2026Q01416,"A1/E37, 49685, Cloppenburg, DE, 33,9 km sur Oldenburg (Oldenburg)","A1/E37, 27801, Wildeshausen, DE, 20,7 km sudoeste Delmenhorst",52.83147,-8.216108,52.83147,-8.424382,"356,713","356,732"
driver66,mie 11/01/17,10:29,13:14,2h 45m,0.19418218456411265,Pausa,1,SB30CNRMD2026Q01416,"A1/E37, 27801, Wildeshausen, DE, 20,7 km sudoeste Delmenhorst","A1/E37, 27801, Wildeshausen, DE, 20,6 km sudoeste Delmenhorst",52.914088,-8.424382,52.914088,-8.427278,"356,732","356,732"
driver66,mie 11/01/17,13:14,14:34,1h 20m,84.38893954838434,Conduciendo,1,SB30CNRMD2026Q01416,"A1/E37, 27801, Wildeshausen, DE, 20,6 km sudoeste Delmenhorst","Bad Fallingbostel, 29690, DE, 27,7 km oeste Celle",52.914282,-8.427278,52.914282,-9.685862,"356,732","356,842"
driver66,mie 11/01/17,14:34,14:50,0h 16m,0.0005391089364536218,Pausa,1,SB30CNRMD2026Q01416,"Bad Fallingbostel, 29690, DE, 27,7 km oeste Celle","Bad Fallingbostel, 29690, DE, 27,7 km oeste Celle",52.696255,-9.685862,52.696255,-9.68587,"356,842","356,842"
driver66,mie 11/01/17,14:50,15:03,0h 13m,6.0315508080144005,Conduciendo,1,SB30CNRMD2026Q01416,"Bad Fallingbostel, 29690, DE, 27,7 km oeste Celle","A7/E45, 30900, Langenhagen, DE, 22,7 km norte Hannover",52.696252,-9.68587,52.696252,-9.775374,"356,842","356,858"
driver66,mie 11/01/17,15:03,15:15,0h 12m,0.04696472570112282,Pausa,1,SB30CNRMD2026Q01416,"A7/E45, 30900, Langenhagen, DE, 22,7 km norte Hannover","A7/E45, 30900, Langenhagen, DE, 22,7 km norte Hannover",52.575327,-9.775374,52.575327,-9.776069,"356,858","356,858"
driver66,mie 11/01/17,15:15,17:43,2h 28m,36.90722448981225,Conduciendo,1,SB30CNRMD2026Q01416,"A7/E45, 30900, Langenhagen, DE, 22,7 km norte Hannover","37351, Dingelstädt, DE, 35,8 km sudeste Göttingen",52.575088,-9.776069,52.575088,-10.322233,"356,858","357,059"
driver66,mie 11/01/17,17:43,06:42,12h 59m,0.026405537437412932,Pausa,1,SB30CNRMD2026Q01416,"37351, Dingelstädt, DE, 35,8 km sudeste Göttingen","37351, Dingelstädt, DE, 35,9 km sudeste Göttingen",51.323471,-10.322233,51.323471,-10.322613,"357,059","357,059"
driver66,jue 12/01/17,06:42,06:45,0h 03m,0.001042324982617859,Otro trabajo,1,SB30CNRMD2026Q01416,"37351, Dingelstädt, DE, 35,9 km sudeste Göttingen","37351, Dingelstädt, DE, 35,9 km sudeste Göttingen",51.323421,-10.322613,51.323421,-10.322598,"357,059","357,059"
driver66,jue 12/01/17,06:45,06:51,0h 06m,0.06893249314469321,Conduciendo,1,SB30CNRMD2026Q01416,"37351, Dingelstädt, DE, 35,9 km sudeste Göttingen","37351, Dingelstädt, DE, 36,0 km sudeste Göttingen",51.323376,-10.322598,51.323376,-10.321606,"357,059","357,060"
driver66,jue 12/01/17,06:51,06:53,0h 02m,0.014037420753188829,Otro trabajo,1,SB30CNRMD2026Q01416,"37351, Dingelstädt, DE, 36,0 km sudeste Göttingen","37351, Dingelstädt, DE, 36,0 km sudeste Göttingen",51.32088,-10.321606,51.32088,-10.321404,"357,060","357,060"
driver66,jue 12/01/17,06:53,06:55,0h 02m,0.05420390309971797,Conduciendo,1,SB30CNRMD2026Q01416,"37351, Dingelstädt, DE, 36,0 km sudeste Göttingen","37351, Dingelstädt, DE, 35,9 km sudeste Göttingen",51.320879,-10.321404,51.320879,-10.320624,"357,060","357,060"
driver66,jue 12/01/17,06:55,08:09,1h 14m,0.08756025822558772,Pausa,1,SB30CNRMD2026Q01416,"37351, Dingelstädt, DE, 35,9 km sudeste Göttingen","37351, Dingelstädt, DE, 35,9 km sudeste Göttingen",51.320891,-10.320624,51.32076,-10.320568,"357,060","357,060"
driver66,jue 12/01/17,08:09,08:23,0h 14m,0.0047254743477135345,Otro trabajo,1,SB30CNRMD2026Q01416,"37351, Dingelstädt, DE, 35,9 km sudeste Göttingen","37351, Dingelstädt, DE, 35,9 km sudeste Göttingen",51.320822,-10.320568,51.320822,-10.320636,"357,060","357,060"
driver66,jue 12/01/17,08:23,08:24,0h 01m,0.05086833485297736,Conduciendo,1,SB30CNRMD2026Q01416,"37351, Dingelstädt, DE, 35,9 km sudeste Göttingen","37351, Dingelstädt, DE, 36,0 km sudeste Göttingen",51.320828,-10.320636,51.320828,-10.321368,"357,060","357,060"
driver66,jue 12/01/17,08:24,08:30,0h 06m,0.024878011302252482,Pausa,1,SB30CNRMD2026Q01416,"37351, Dingelstädt, DE, 36,0 km sudeste Göttingen","37351, Dingelstädt, DE, 36,0 km sudeste Göttingen",51.32123,-10.321368,51.32123,-10.321726,"357,060","357,060"
driver66,jue 12/01/17,08:30,08:31,0h 01m,0.03064608430870897,Otro trabajo,1,SB30CNRMD2026Q01416,"37351, Dingelstädt, DE, 36,0 km sudeste Göttingen","37351, Dingelstädt, DE, 36,0 km sudeste Göttingen",51.320832,-10.321726,51.320832,-10.322167,"357,060","357,060"
driver66,jue 12/01/17,08:31,08:33,0h 02m,0.12897719443874542,Conduciendo,1,SB30CNRMD2026Q01416,"37351, Dingelstädt, DE, 36,0 km sudeste Göttingen","37351, Dingelstädt, DE, 35,7 km sudeste Göttingen",51.320985,-10.322167,51.320985,-10.320311,"357,060","357,061"
driver66,jue 12/01/17,08:33,08:35,0h 02m,0.08699849653767508,Otro trabajo,1,SB30CNRMD2026Q01416,"37351, Dingelstädt, DE, 35,7 km sudeste Göttingen","37351, Dingelstädt, DE, 35,6 km sudeste Göttingen",51.323893,-10.320311,51.323893,-10.319059,"357,061","357,061"
driver66,jue 12/01/17,08:35,09:00,0h 25m,9.959143057031689,Conduciendo,1,SB30CNRMD2026Q01416,"37351, Dingelstädt, DE, 35,6 km sudeste Göttingen","A38, 37308, Heilbad Heiligenstadt, DE, 21,9 km sudeste Göttingen",51.324027,-10.319059,51.324027,-10.175736,"357,061","357,086"
driver66,jue 12/01/17,09:00,09:02,0h 02m,0.08142574541050301,Pausa,1,SB30CNRMD2026Q01416,"A38, 37308, Heilbad Heiligenstadt, DE, 21,9 km sudeste Göttingen","A38, 37308, Heilbad Heiligenstadt, DE, 21,8 km sudeste Göttingen",51.409699,-10.175736,51.409699,-10.174562,"357,086","357,086"
driver66,jue 12/01/17,09:02,09:59,0h 57m,48.656534501887556,Conduciendo,1,SB30CNRMD2026Q01416,"A38, 37308, Heilbad Heiligenstadt, DE, 21,8 km sudeste Göttingen","A7/E45, 34587, DE, 15,6 km sur Kassel",51.409846,-10.174562,51.409846,-9.473025,"357,086","357,162"
driver66,jue 12/01/17,09:59,10:30,0h 31m,0.041057463522264304,Pausa,1,SB30CNRMD2026Q01416,"A7/E45, 34587, DE, 15,6 km sur Kassel","A7/E45, 34587, DE, 15,8 km sur Kassel",51.178903,-9.473025,51.178903,-9.472436,"357,162","357,162"
driver66,jue 12/01/17,10:30,11:35,1h 05m,24.996819073369146,Conduciendo,1,SB30CNRMD2026Q01416,"A7/E45, 34587, DE, 15,8 km sur Kassel","A5/E40, 35329, DE, 26,6 km sudeste Marburg",51.177565,-9.472436,51.177565,-9.113848,"357,162","357,247"
driver66,jue 12/01/17,11:35,11:40,0h 05m,0.11609831721333563,Pausa,1,SB30CNRMD2026Q01416,"A5/E40, 35329, DE, 26,6 km sudeste Marburg","A5/E40, 35329, DE, 26,5 km sudeste Marburg",50.715615,-9.113848,50.715615,-9.112199,"357,247","357,247"
driver66,jue 12/01/17,11:40,13:46,2h 06m,80.78711777099016,Conduciendo,1,SB30CNRMD2026Q01416,"A5/E40, 35329, DE, 26,5 km sudeste Marburg","A63, 67725, Kirchheimbolanden, DE, 21,8 km nordeste Kaiserslautern",50.71559,-9.112199,50.71559,-7.96473,"357,247","357,425"
driver66,jue 12/01/17,13:46,13:50,0h 04m,0.001225306307073139,Pausa,1,SB30CNRMD2026Q01416,"A63, 67725, Kirchheimbolanden, DE, 21,8 km nordeste Kaiserslautern","A63, 67725, Kirchheimbolanden, DE, 21,8 km nordeste Kaiserslautern",49.593777,-7.96473,49.593777,-7.964747,"357,425","357,425"
driver66,jue 12/01/17,13:50,14:32,0h 42m,42.44306584928378,Conduciendo,1,SB30CNRMD2026Q01416,"A63, 67725, Kirchheimbolanden, DE, 21,8 km nordeste Kaiserslautern","A6/E50, 66914, Homburg, DE, 29,5 km oeste Kaiserslautern",49.593771,-7.964747,49.593771,-7.375887,"357,425","357,481"
driver66,jue 12/01/17,14:32,15:19,0h 47m,0.06552498713582058,Pausa,1,SB30CNRMD2026Q01416,"A6/E50, 66914, Homburg, DE, 29,5 km oeste Kaiserslautern","A6/E50, 66914, Homburg, DE, 29,6 km oeste Kaiserslautern",49.372503,-7.375887,49.372503,-7.374982,"357,481","357,481"
driver66,jue 12/01/17,15:19,15:48,0h 29m,29.668430602304806,Conduciendo,1,SB30CNRMD2026Q01416,"A6/E50, 66914, Homburg, DE, 29,6 km oeste Kaiserslautern","66117, Saarbrücken, DE",49.37253,-7.374982,49.37253,-6.965215,"357,481","357,520"
driver66,jue 12/01/17,15:48,12:51,45h 03m,0.0026878457491517492,Pausa,1,SB30CNRMD2026Q01416,"66117, Saarbrücken, DE","66117, Saarbrücken, DE",49.20856,-6.965215,49.20856,-6.965252,"357,520","357,520"
driver66,sab 14/01/17,12:51,13:44,0h 53m,54.67371853822344,Conduciendo,1,SB30CNRMD2026Q01416,"66117, Saarbrücken, DE","57365, Énnery (Moselle), FR, próximo a Metz",49.208526,-6.965252,49.208526,-6.212629,"357,520","357,591"
driver66,sab 14/01/17,13:44,14:38,0h 54m,0.042478971684570876,Pausa,1,SB30CNRMD2026Q01416,"57365, Énnery (Moselle), FR, próximo a Metz","57365, Énnery (Moselle), FR, próximo a Metz",49.229555,-6.212629,49.229555,-6.212044,"357,591","357,591"
driver66,sab 14/01/17,14:40,14:50,0h 10m,0.024833916164737284,Pausa,1,SB30CNRMD2026Q01416,"57365, Énnery (Moselle), FR, próximo a Metz","57365, Énnery (Moselle), FR, próximo a Metz",49.229444,-6.212044,49.229444,-6.211702,"357,591","357,591"
driver66,sab 14/01/17,14:50,15:57,1h 07m,77.59280680087532,Conduciendo,1,SB30CNRMD2026Q01416,"57365, Énnery (Moselle), FR, próximo a Metz","A4/E50 Autoroute De L'est, 55120, FR, 74,9 km oeste Metz",49.229335,-6.211702,49.229335,-5.143127,"357,591","357,682"
driver66,sab 14/01/17,15:57,15:59,0h 02m,0.14599605147414968,Otro trabajo,1,SB30CNRMD2026Q01416,"A4/E50 Autoroute De L'est, 55120, FR, 74,9 km oeste Metz","A4/E50 Autoroute De L'est, 55120, FR, 75,0 km oeste Metz",49.091731,-5.143127,49.091731,-5.141122,"357,682","357,682"
driver66,sab 14/01/17,15:59,17:15,1h 16m,88.62579900887886,Conduciendo,1,SB30CNRMD2026Q01416,"A4/E50 Autoroute De L'est, 55120, FR, 75,0 km oeste Metz","A4/E50 Autoroute De L'est, 51390, Reims, FR",49.09201,-5.141122,49.09201,-3.923982,"357,682","357,788"
driver66,sab 14/01/17,17:15,17:40,0h 25m,0.0033391865437425055,Pausa,1,SB30CNRMD2026Q01416,"A4/E50 Autoroute De L'est, 51390, Reims, FR","A4/E50 Autoroute De L'est, 51390, Reims, FR",49.24494,-3.923982,49.24494,-3.923936,"357,788","357,788"
driver66,sab 14/01/17,17:40,19:32,1h 52m,93.99469376699221,Conduciendo,1,SB30CNRMD2026Q01416,"A4/E50 Autoroute De L'est, 51390, Reims, FR","77550, Évry, FR",49.244983,-3.923936,49.244983,-2.629066,"357,788","357,930"
driver66,sab 14/01/17,19:32,19:33,0h 01m,0.000661602165658478,Otro trabajo,1,SB30CNRMD2026Q01416,"77550, Évry, FR","77550, Évry, FR",48.615916,-2.629066,48.615916,-2.629075,"357,930","357,930"
driver66,sab 14/01/17,19:33,21:59,26h 26m,0.004043123544873469,Pausa,1,SB30CNRMD2026Q01416,"77550, Évry, FR","77550, Évry, FR",48.615926,-2.629075,48.615926,-2.62913,"357,930","357,930"
driver66,dom 15/01/17,21:59,23:17,1h 18m,56.93367260206437,Conduciendo,1,SB30CNRMD2026Q01416,"77550, Évry, FR","A10/E5 L'aquitaine, 28310, FR, 41,7 km norte Orléans",48.615949,-2.62913,48.615949,-1.854638,"357,930","358,033"
driver66,dom 15/01/17,23:17,23:34,0h 17m,0.011100826507695895,Pausa,1,SB30CNRMD2026Q01416,"A10/E5 L'aquitaine, 28310, FR, 41,7 km norte Orléans","A10/E5 L'aquitaine, 28310, FR, 41,8 km norte Orléans",48.275655,-1.854638,48.275655,-1.854488,"358,033","358,033"
driver66,dom 15/01/17,23:34,02:26,2h 52m,277.1961982686555,Conduciendo,1,SB30CNRMD2026Q01416,"A10/E5 L'aquitaine, 28310, FR, 41,8 km norte Orléans","86130, Poitiers, FR",48.276127,-1.854488,48.276127,-5.60051,"358,033","358,275"
